951000000007211
130714864340143
707722228413082
308612930001113
560954151708175
193000000091383
255451155398583
568000000021717
950567573103191
510631738694715
140392168905713
957000000027249
691814622438227
484000000005652
693727084852964
672222051737573
538863082135132
249989033327784
828675582283232
491000000005499
791011946139713
833000043635271
561025135279735
626055318975896
393081394388383
249719345729269
134839500003289
771572061841524
223220976312882
535200987399243
939000673361789
869500133118793
587720923265433
366433038843571
454544600009415
572824822165466
133000000044424
390474171209239
440243428223672
340914427902635
741000000026894
598449964347122
782000000052869
526588041594594
933966038715621
275222069326596
785926014462726
176597555553685
954200000005889
517055135530155
497066346560678
95906000000854
655000369877898
165066008291869
563075660087327
716229326145869
483055369757883
572062442661565
123065467793765
616073468668298
964066426111737
751000000054193
223727341624521
488000000039733
555015553735456
649000341722672
698045859777822
427037472384722
519021179773686
475955356284914
361111111111979
260523557045060
341111111111039
289364154406072
334870193042459
549025179289232
034464108928976
921111111111872
750084225766035
760111111111062
671083652892036
970111111126099
607979382019260
477425522891403
361111111114040
564200005308023
251111111111548
970209370096483
790111111115460
941442042291006
201424450278530
261277008561249
980111111110208
025345344058895
920111111113295
801427220251790
091628052741620
391582920081503
804111111116068
808004809285095
427111111115824
051598323421379
031790937701327
051006525341278
346111111110923
363000384240205
652134088508607
987135447097095
338130782377253
309125092434673
423111111110320
270957956898077
830911179530705
633264217827763
603087981004265
529247081126500
960804279114995
227705931155502
000438701572349
089303816305628
229411100053306